Excitation
"Real [Ohm]"	"Imaginary [Ohm]"	
5.30221561E+01	-1.32299505E+02	
5.39283560E+01	-1.24792584E+02	
5.48482144E+01	-1.17310956E+02	
5.57820368E+01	-1.09849450E+02	
5.67300731E+01	-1.02410234E+02	
5.76924947E+01	-9.49923906E+01	
5.86696799E+01	-8.75903545E+01	
5.96618648E+01	-8.02077597E+01	
6.06691643E+01	-7.28428842E+01	
6.16920077E+01	-6.54922943E+01	

f[MHz]
6.30000000
6.33888889
6.37777778
6.41666667
6.45555556
6.49444444
6.53333333
6.57222222
6.61111111
6.65000000
6.30000000
6.33888889
6.37777778
6.41666667
6.45555556
6.49444444
6.53333333
6.57222222
6.61111111
6.65000000
