6.30000000	
6.33888889	
6.37777778	
6.41666667	
6.45555556	
6.49444444	
6.53333333	
6.57222222	
6.61111111	
6.65000000	
6.65000000	
6.68111111	
6.71222222	
6.74333333	
6.77444444	
6.80555556	
6.83666667	
6.86777778	
6.89888889	
6.93000000	
6.93000000	
6.94555556	
6.96111111	
6.97666667	
6.99222222	
7.00777778	
7.02333333	
7.03888889	
7.05444444	
7.07000000	
7.07000000	
7.14000000	
7.21000000	
7.28000000	
7.35000000	
7.42000000	
7.49000000	
7.56000000	
7.63000000	
7.70000000	
